{
    "stats": {
        "type_id": "opencv-matrix",
        "rows": 61,
        "cols": 5,
        "dt": "i",
        "data": [ 0, 0, 1920, 1080, 2002714, 14, 0, 177, 164, 2216, 197,
            0, 247, 507, 1867, 529, 0, 11, 20, 50, 534, 0, 21, 20, 121,
            548, 0, 8, 16, 45, 553, 0, 8, 13, 34, 559, 0, 12, 12, 58,
            1391, 0, 84, 86, 369, 512, 3, 18, 25, 138, 533, 3, 187, 31,
            640, 307, 2, 437, 523, 2477, 1359, 2, 337, 1078, 9355, 1181,
            32, 349, 486, 2869, 1461, 43, 86, 35, 330, 960, 90, 473, 448,
            2411, 1598, 97, 115, 319, 1768, 334, 160, 139, 261, 997, 700,
            235, 35, 75, 816, 888, 312, 145, 154, 5723, 330, 319, 17, 28,
            93, 1775, 336, 23, 91, 116, 796, 339, 43, 58, 499, 1747, 357,
            35, 160, 627, 1717, 370, 30, 184, 1012, 679, 407, 89, 113,
            2065, 679, 426, 9, 19, 61, 135, 439, 20, 107, 214, 1761, 441,
            75, 377, 1409, 765, 477, 58, 139, 1658, 1747, 517, 36, 256,
            1249, 177, 519, 125, 347, 1792, 1541, 528, 11, 30, 202, 1617,
            529, 22, 5, 26, 664, 531, 92, 93, 1747, 124, 544, 305, 536,
            2825, 971, 544, 141, 57, 1415, 558, 559, 81, 43, 1254, 1192,
            590, 62, 30, 395, 1058, 601, 23, 52, 417, 920, 619, 53, 25,
            456, 741, 623, 79, 86, 1768, 938, 658, 397, 343, 3225, 1496,
            662, 215, 418, 2262, 1018, 695, 56, 32, 524, 839, 699, 48,
            37, 627, 1378, 708, 117, 206, 887, 683, 719, 105, 114, 1794,
            1082, 722, 372, 358, 1991, 1001, 777, 354, 269, 2070, 830,
            802, 71, 52, 922, 1812, 807, 36, 39, 183, 686, 985, 158, 63,
            716, 833, 986, 66, 9, 67, 998, 992, 43, 15, 325, 1467, 1021,
            27, 27, 230, 86, 1027, 23, 17, 152, 348, 1041, 25, 27, 215,
            69, 1045, 28, 26, 326, 938, 1059, 95, 19, 485, 818, 1067, 62,
            12, 301 ]
    },
    "cents": {
        "type_id": "opencv-matrix",
        "rows": 61,
        "cols": 2,
        "dt": "d",
        "data": [ 9.5703723397349802e+02, 5.3900270233293418e+02,
            1.4119268953068593e+02, 8.3301444043321297e+01,
            3.0169201928227102e+02, 1.9375307980717730e+02,
            5.3388000000000000e+02, 9.4800000000000004e+00,
            5.4270247933884298e+02, 1.0132231404958677e+01,
            5.5191111111111115e+02, 7.9555555555555557e+00,
            5.5667647058823525e+02, 6.0294117647058822e+00,
            5.6405172413793105e+02, 4.9482758620689653e+00,
            1.4329864498644986e+03, 3.8810298102981029e+01,
            5.2013768115942025e+02, 1.5072463768115941e+01,
            6.1806250000000000e+02, 1.3365625000000000e+01,
            4.9180662091239401e+02, 2.0329915220024222e+02,
            1.5788695884553715e+03, 5.5746338856226612e+02,
            1.3693670268386197e+03, 2.1566747995817357e+02,
            1.5040030303030303e+03, 6.0709090909090911e+01,
            1.2352430526752385e+03, 2.9794193280796350e+02,
            1.6679621040723982e+03, 2.4943721719457014e+02,
            3.9194784353059180e+02, 2.7873520561685058e+02,
            7.1965931372549016e+02, 2.7168259803921569e+02,
            9.5496417962607029e+02, 3.8094985147649834e+02,
            3.3882795698924730e+02, 3.3134408602150540e+02,
            1.7856034482758621e+03, 3.7841379310344826e+02,
            8.1995791583166329e+02, 3.6682965931863725e+02,
            1.7626762360446571e+03, 4.4905582137161082e+02,
            1.7294822134387352e+03, 4.8828162055335969e+02,
            7.1844067796610170e+02, 4.7093801452784504e+02,
            6.8239344262295083e+02, 4.3568852459016392e+02,
            1.4050467289719626e+02, 5.0938317757009344e+02,
            1.7910624556422995e+03, 6.1858552164655782e+02,
            8.0533172496984321e+02, 5.3787816646562123e+02,
            1.7583266613290632e+03, 6.2095516413130508e+02,
            2.3727287946428572e+02, 6.7295479910714289e+02,
            1.5458712871287128e+03, 5.4324257425742576e+02,
            1.6279230769230769e+03, 5.3176923076923072e+02,
            6.9559416141957638e+02, 5.7022781911848881e+02,
            2.6908176991150441e+02, 8.4027681415929203e+02,
            1.0326692579505300e+03, 5.6840636042402832e+02,
            5.9515390749601272e+02, 5.8135885167464119e+02,
            1.2208075949367089e+03, 6.0060759493670889e+02,
            1.0696306954436450e+03, 6.2625419664268588e+02,
            9.4801315789473688e+02, 6.3192324561403507e+02,
            7.8795418552036199e+02, 6.6118495475113127e+02,
            1.1222434108527132e+03, 9.1689147286821708e+02,
            1.6226825817860301e+03, 8.9197126436781605e+02,
            1.0443129770992366e+03, 7.0739694656488552e+02,
            8.6078947368421052e+02, 7.1398724082934609e+02,
            1.4441972942502819e+03, 8.1098647125140928e+02,
            7.3293311036789294e+02, 7.8014548494983273e+02,
            1.2907815168257157e+03, 9.3672074334505271e+02,
            1.2037323671497584e+03, 9.5310772946859902e+02,
            8.6256290672451189e+02, 8.2862798264642083e+02, 1829.0,
            8.2865027322404376e+02, 7.6532960893854749e+02,
            1.0269692737430169e+03, 8.6595522388059703e+02,
            9.8985074626865674e+02, 1.0178800000000000e+03,
            9.9899692307692305e+02, 1.4787347826086957e+03, 1033.0,
            9.7572368421052630e+01, 1.0353092105263158e+03,
            3.6084186046511627e+02, 1.0517395348837210e+03,
            8.2490797546012274e+01, 1.0575644171779140e+03,
            9.8207835051546397e+02, 1.0705154639175257e+03,
            8.4940531561461796e+02, 1.0729269102990033e+03 ]
    }
}
